        6463,
        1935,
        7180,
        2220,
        7775,
        4298,
        12055,
        12186,
        7798,
        18747,
        4975,
        17381,
        19320,
        5931,
        7887,
        16948,
        19427,
        3737,
        6341,
        8632,
        416,
        4454,
        11780,
        9485,
        6952,
        11949,
        1796,
        1626,
        11130,
        14259,
        18392,
        8164,
        18185,
        12702,
        5464,
        1486,
        8669,
        14740,
        16626,
        1802,
        3075,
        16210,
        19744,
        14193,
        16601,
        11456,
        9314,
        4468,
        15693,
        1148,
        16099,
        6873,
        10100,
        16351,
        15448,
        275,
        6634,
        2133,
        13937,
        18619,
        10543,
        2134,
        10944,
        12483,
        19661,
        334,
        3623,
        1322,
        8252,
        824,
        15770,
        12621,
        12629,
        8671,
        6879,
        4976,
        308,
        3987,
        11362,
        8282,
        10975,
        10196,
        407,
        6051,
        12147,
        11757,
        15673,
        5425,
        11647,
        14823,
        19399,
        10513,
        9892,
        14347,
        16734,
        2980,
        90,
        9970,
        18755,
        633,
        18996,
        18763,
        15649,
        807,
        7355,
        7111,
        4282,
        18665,
        14770,
        13164,
        7698,
        17056,
        7851,
        15859,
        2616,
        18043,
        9563,
        15305,
        4964,
        13209,
        10051,
        3763,
        3423,
        2835,
        13187,
        1968,
        2552,
        14879,
        19295,
        4505,
        13545,
        512,
        45,
        7968,
        7125,
        10056,
        611,
        11706,
        11403,
        12060,
        2943,
        3720,
        11326,
        6677,
        16306,
        19828,
        14837,
        14915,
        12431,
        14413,
        10542,
        15258,
        13681,
        5300,
        9164,
        12650,
        1298,
        16557,
        7738,
        15946,
        15787,
        3440,
        9557,
        15457,
        320,
        8158,
        11378,
        16953,
        17675,
        17256,
        15510,
        15297,
        8021,
        3685,
        72,
        1716,
        8769,
        14995,
        18496,
        13264,
        13555,
        839,
        17780,
        5431,
        17586,
        4688,
        2264,
        7057,
        4046,
        6833,
        13672,
        12086,
        13043,
        20,
        1402,
        12823,
        8860,
        7673,
        4844,
        290,
        6127,
        10803,
        2462,
        13896,
        25,
        18543,
        5146,
        1799,
        466,
        16927,
        5432,
        544,
        8803,
        7021,
        393,
        5699,
        15173,
        16006,
        19191,
        2897,
        1712,
        729,
        2070,
        6456,
        16472,
        18970,
        19857,
        12593,
        9656,
        9705,
        19822,
        13715,
        2907,
        15422,
        10739,
        15016,
        17728,
        1296,
        7912,
        15000,
        12322,
        17838,
        17903,
        3862,
        15118,
        12655,
        18187,
        16465,
        3134,
        6551,
        15710,
        6816,
        19719,
        13534,
        18473,
        3959,
        3958,
        13112,
        11718,
        3934,
        4593,
        18635,
        18358,
        5175,
        19043,
        8273,
        8157,
        11194,
        2067,
        19818,
        2892,
        12585,
        11180,
        14448,
        3515,
        15958,
        17484,
        8603,
        1917,
        4998,
        7787,
        3321,
        14750,
        4710,
        10556,
        2421,
        11181,
        3619,
        15551,
        11898,
        17428,
        18304,
        9349,
        9187,
        13406,
        6931,
        565,
        13564,
        18743,
        9631,
        7929,
        12026,
        1173,
        14941,
        4620,
        10032,
        6612,
        15339,
        8061,
        8686,
        14387,
        5419,
        4726,
        593,
        14128,
        13298,
        2498,
        1221,
        19889,
        12667,
        12423,
        16094,
        5434,
        9560,
        4508,
        18505,
        13601,
        19106,
        10287,
        18382,
        2748,
        6812,
        5045,
        17695,
        9689,
        15031,
        5142,
        11639,
        75,
        9034,
        16977,
        12417,
        13229,
        17662,
        2783,
        4299,
        16420,
        14863,
        6990,
        11649,
        12489,
        17778,
        6236,
        12601,
        11083,
        15291,
        14895,
        9630,
        14144,
        5038,
        10741,
        18951,
        11708,
        6018,
        11879,
        5938,
        532,
        4094,
        11049,
        17394,
        10423,
        18658,
        1583,
        3648,
        6089,
        18984,
        12162,
        14420,
        5430,
        2380,
        5961,
        12306,
        10997,
        444,
        15298,
        2712,
        14939,
        12259,
        16450,
        15721,
        8430,
        11609,
        960,
        14732,
        13720,
        19882,
        17846,
        16460,
        18061,
        12616,
        15358,
        3638,
        19246,
        9562,
        5711,
        12549,
        4962,
        18766,
        13114,
        17548,
        19307,
        504,
        16011,
        1793,
        17633,
        18023,
        321,
        9211,
        9606,
        19004,
        16855,
        9159,
        3196,
        18120,
        5501,
        12153,
        3842,
        18001,
        11951,
        8971,
        5707,
        16453,
        5029,
        6056,
        3609,
        8640,
        204,
        18838,
        12343,
        9790,
        8205,
        10229,
        10068,
        8111,
        3456,
        5308,
        10285,
        5292,
        7792,
        13455,
        9804,
        17423,
        16462,
        3991,
        15541,
        523,
        7650,
        8513,
        19590,
        19592,
        13361,
        11420,
        14312,
        3513,
        7760,
        6158,
        16862,
        6887,
        6769,
        16089,
        6122,
        1704,
        16242,
        7619,
        16257,
        4588,
        17181,
        18867,
        9885,
        12740,
        11488,
        12970,
        19276,
        18198,
        13766,
        14167,
        11927,
        8179,
        19305,
        865,
        9161,
        1973,
        17141,
        9092,
        13039,
        2775,
        5143,
        10091,
        17569,
        6132,
        17599,
        3525,
        16446,
        16888,
        15354,
        1605,
        4027,
        12563,
        9773,
        4252,
        15391,
        17596,
        9730,
        1390,
        9200,
        19669,
        5879,
        15388,
        7307,
        14602,
        674,
        10742,
        14305,
        9480,
        12339,
        6428,
        2788,
        10646,
        11405,
        17392,
        3873,
        19891,
        3697,
        19923,
        16919,
        2732,
        1526,
        178,
        12366,
        7947,
        9564,
        139,
        9633,
        11042,
        9827,
        8317,
        6993,
        12207,
        6870,
        6042,
        7618,
        11644,
        15318,
        17809,
        15571,
        9951,
        19627,
        14403,
        11906,
        6511,
        10237,
        14883,
        14220,
        18202,
        6281,
        1635,
        16672,
        10640,
        7347,
        4977,
        3222,
        10642,
        17253,
        5599,
        4165,
        9257,
        18541,
        17727,
        629,
        7234,
        6932,
        3268,
        4656,
        17991,
        19125,
        8899,
        11701,
        12198,
        13778,
        16615,
        1950,
        6254,
        12546,
        12757,
        7761,
        4244,
        17349,
        13785,
        4724,
        4716,
        19287,
        5465,
        128,
        8986,
        6665,
        19980,
        2984,
        19515,
        14,
        13604,
        8162,
        643,
        16092,
        505,
        12222,
        6262,
        13153,
        2730,
        7060,
        9767,
        9731,
        14138,
        243,
        8557,
        2596,
        16540,
        19914,
        11813,
        688,
        9897,
        12522,
        18122,
        10764,
        423,
        5748,
        15028,
        14226,
        8858,
        1210,
        15311,
        18300,
        16796,
        7455,
        15246,
        10248,
        16059,
        1164,
        17489,
        12294,
        13417,
        16739,
        4158,
        16168,
        19922,
        3431,
        18205,
        3881,
        14257,
        4860,
        2210,
        1790,
        11564,
        16503,
        17235,
        9927,
        404,
        2749,
        18836,
        10159,
        8187,
        12221,
        14960,
        12749,
        8191,
        14321,
        10295,
        11411,
        19137,
        7344,
        7489,
        18444,
        1250,
        5314,
        9904,
        6943,
        4890,
        18231,
        4648,
        2249,
        3234,
        12521,
        12533,
        13177,
        12430,
        4000,
        19429,
        16606,
        9650,
        8194,
        16497,
        19594,
        17966,
        19876,
        15478,
        6292,
        6366,
        2113,
        12719,
        5202,
        8847,
        5026,
        10529,
        12439,
        19393,
        6309,
        1340,
        8695,
        14860,
        15899,
        19821,
        4331,
        3824,
        2321,
        17201,
        10977,
        19109,
        11989,
        9737,
        9949,
        12469,
        19343,
        4938,
        905,
        9696,
        11769,
        13509,
        15204,
        11689,
        15272,
        12390,
        16549,
        19668,
        18816,
        11023,
        15988,
        16277,
        11853,
        9327,
        4241,
        9520,
        12536,
        4570,
        4673,
        10110,
        2920,
        4849,
        14324,
        315,
        18671,
        11982,
        727,
        4100,
        16310,
        6822,
        17358,
        3010,
        17049,
        6821,
        5343,
        14025,
        14609,
        130,
        14107,
        11730,
        12127,
        2537,
        4749,
        2889,
        1553,
        17679,
        11541,
        2457,
        19588,
        11778,
        13165,
        10365,
        976,
        12130,
        17089,
        8616,
        4447,
        18178,
        10415,
        16602,
        5148,
        8066,
        6729,
        6006,
        4969,
        2401,
        3295,
        9230,
        13953,
        8829,
        9212,
        15046,
        15380,
        3005,
        949,
        7231,
        11684,
        4237,
        5940,
        9954,
        7987,
        15663,
        19027,
        14858,
        8318,
        13094,
        13947,
        9400,
        1438,
        3115,
        4953,
        18170,
        16737,
        6276,
        17738,
        14523,
        6780,
        16561,
        18433,
        15480,
        956,
        11004,
        7847,
        1853,
        10069,
        6054,
        6023,
        16350,
        15130,
        4421,
        9707,
        17414,
        4589,
        16857,
        13538,
        1005,
        16253,
        12386,
        5944,
        7524,
        5489,
        17243,
        9881,
        2989,
        1889,
        18476,
        15296,
        14223,
        1083,
        1408,
        3988,
        3453,
        7557,
        19747,
        13008,
        11844,
        3516,
        10387,
        431,
        4200,
        1542,
        3220,
        5660,
        15441,
        16902,
        17804,
        14642,
        1823,
        9847,
        95,
        4350,
        12014,
        1832,
        16603,
        3454,
        1256,
        12750,
        12989,
        7954,
        10554,
        7183,
        10389,
        2839,
        10245,
        3805,
        14049,
        15751,
        9042,
        5054,
        12691,
        2656,
        10728,
        1541,
        5554,
        19943,
        12821,
        19553,
        7160,
        5845,
        13467,
        13236,
        1359,
        13440,
        878,
        15716,
        6949,
        12373,
        17749,
        8448,
        9676,
        2419,
        8963,
        10979,
        13139,
        18535,
        12859,
        19827,
        18611,
        2718,
        17720,
        3687,
        10520,
        14344,
        12220,
        6033,
        15092,
        15676,
        9769,
        12765,
        2038,
        6515,
        11406,
        5364,
        1584,
        5888,
        18911,
        11334,
        19545,
        3334,
        8405,
        13251,
        6221,
        18295,
        7367,
        804,
        18673,
        17561,
        14633,
        8204,
        9692,
        6422,
        18578,
        10409,
        8014,
        6480,
        634,
        3000,
        15833,
        4071,
        13790,
        15596,
        19605,
        3511,
        4257,
        18002,
        1821,
        16822,
        16412,
        14362,
        16326,
        5319,
        7982,
        11524,
        13322,
        10405,
        9388,
        19256,
        6163,
        19764,
        16748,
        14838,
        8361,
        19687,
        7969,
        7796,
        13556,
        3676,
        2655,
        3981,
        11985,
        7648,
        2399,
        1138,
        19294,
        17057,
        17676,
        7567,
        5906,
        12528,
        3878,
        3905,
        14015,
        11457,
        16148,
        8522,
        8540,
        19286,
        2162,
        9378,
        18657,
        143,
        7931,
        16141,
        10089,
        5730,
        17210,
        4644,
        9142,
        19813,
        13875,
        15467,
        5880,
        9800,
        12668,
        1784,
        2377,
        18912,
        13799,
        372,
        18136,
        10762,
        11215,
        19120,
        7584,
        5266,
        18907,
        8509,
        11428,
        12700,
        13901,
        14327,
        14082,
        16911,
        16167,
        10608,
        18979,
        12311,
        9983,
        12240,
        6442,
        10905,
        10165,
        6228,
        12814,
        17093,
        13729,
        13326,
        17618,
        10018,
        7744,
        14882,
        13651,
        3910,
        16683,
        10449,
        13274,
        3567,
        12158,
        12328,
        15351,
        6404,
        13698,
        13934,
        13709,
        9649,
        15084,
        1179,
        2768,
        16512,
        6937,
        17503,
        6172,
        8267,
        19298,
        8095,
        3034,
        19725,
        12398,
        1395,
        12235,
        13,
        13414,
        7984,
        19789,
        7070,
        6695,
        13697,
        6393,
        6895,
        12392,
        3226,
        4223,
        5735,
        7206,
        5741,
        882,
        16471,
        3732,
        11082,
        9551,
        8556,
        1473,
        5677,
        6214,
        17766,
        16815,
        164,
        14636,
        7934,
        6875,
        3145,
        13447,
        13130,
        14461,
        18339,
        6091,
        7595,
        2351,
        3681,
        16758,
        11445,
        5869,
        18994,
        10790,
        10982,
        16771,
        2095,
        1914,
        4138,
        13647,
        16421,
        1528,
        11041,
        7083,
        11398,
        2667,
        7223,
        19143,
        10316,
        16430,
        7123,
        13629,
        15368,
        5405,
        15737,
        10831,
        15876,
        14452,
        9059,
        9077,
        4633,
        5168,
        17953,
        13652,
        9780,
        5008,
        5890,
        15410,
        15113,
        10462,
        12114,
        724,
        3074,
        12548,
        16493,
        11872,
        4029,
        15826,
        10272,
        11141,
        4733,
        18235,
        11510,
        3231,
        11595,
        8486,
        5623,
        19841,
        4085,
        15387,
        15757,
        5704,
        18975,
        15731,
        18840,
        15615,
        3930,
        18676,
        97,
        4289,
        6443,
        2331,
        10432,
        17352,
        8958,
        14411,
        2200,
        2383,
        17348,
        5510,
        8356,
        3059,
        11439,
        15798,
        10288,
        12046,
        7248,
        7777,
        8441,
        2420,
        4778,
        1839,
        16531,
        15110,
        7564,
        10677,
        15133,
        13170,
        13938,
        3705,
        18104,
        2157,
        12511,
        4877,
        6703,
        8494,
        3717
        16009,
        5079,
        388,
        600,
        10872,
        12721,
        5180,
        6884,
        897,
        16411,
        14752,
        2035,
        10067,
        5318,
        4493,
        18014,
        12399,
        7136,
        14247,
        8331,
        17269,
        8950,
        14949,
        6407,
        2501,
        17195,
        1262,
        14687,
        14640,
        6168,
        14060,
        2866,
        14130,
        10844,
        3411,
        15916,
        14197,
        2541,
        16058,
        4847,
        3406,
        1814,
        15379,
        6941,
        13893,
        11797,
        17125,
        15948,
        17782,
        11685,
        5721,
        234,
        8097,
        18709,
        13974,
        3774,
        1824,
        7293,
        16208,
        10128,
        12154,
        16584,
        16870,
        8274,
        1684,
        19258,
        10433,
        11727,
        12831,
        2986,
        16949,
        12964,
        19558,
        15594,
        3426,
        14256,
        5281,
        14792,
        17279,
        829,
        12258,
        9290,
        15472,
        2357,
        14756,
        2785,
        12187,
        9757,
        18125,
        7164,
        11662,
        7416,
        6075,
        8583,
        8512,
        2815,
        6907,
        2752,
        19603,
        14008,
        18089,
        17166,
        15152,
        11142,
        13513,
        8681,
        14517,
        5574,
        15050,
        7942,
        3398,
        14170,
        7428,
        17008,
        1885,
        13055,
        19867,
        3995,
        1680,
        18789,
        3743,
        5035,
        19257,
        9021,
        33,
        19688,
        12518,
        1743,
        7578,
        2624,
        9810,
        13470,
        12959,
        5801,
        2216,
        14521,
        10522,
        17240,
        16644,
        14908,
        7153,
        3711,
        6666,
        17073,
        9493,
        3755,
        1110,
        1782,
        18573,
        10735,
        1695,
        15827,
        2868,
        18480,
        9456,
        6345,
        188,
        9592,
        15088,
        8045,
        18180,
        16923,
        8177,
        2649,
        5379,
        14524,
        11808,
        9488,
        9964,
        7609,
        1016,
        14631,
        17479,
        1939,
        5466,
        10021,
        6498,
        4734,
        680,
        5066,
        11635,
        13401,
        18607,
        9883,
        8525,
        18443,
        10525,
        7570,
        3270,
        6245,
        17068,
        2432,
        3289,
        10531,
        3093,
        73,
        11983,
        9544,
        3471,
        16733,
        8944,
        14903,
        8904,
        16221,
        19255,
        198,
        7474,
        2254,
        12983,
        4959,
        10913,
        6061,
        1475,
        5528,
        18876,
        15602,
        187,
        15869,
        13586,
        15540,
        6840,
        7876,
        9371,
        15962,
        17400,
        13388,
        15959,
        10698,
        4127,
        15091,
        102,
        11464,
        10510,
        13034,
        12096,
        13297,
        17681,
        5923,
        7854,
        19591,
        18073,
        7237,
        3063,
        2327,
        6289,
        628,
        18604,
        15045,
        18301,
        1004,
        19907,
        5068,
        9598,
        17755,
        13862,
        17648,
        13228,
        18857,
        12935,
        18032,
        10670,
        10281,
        3294,
        7550,
        1242,
        12775,
        5253,
        11243,
        14889,
        1038,
        3248,
        5784,
        18659,
        471,
        15415,
        14733,
        12344,
        15372,
        14510,
        18240,
        8506,
        9487,
        4156,
        7996,
        1711,
        7724,
        16842,
        631,
        13871,
        15911,
        2934,
        19735,
        12272,
        1439,
        14416,
        168,
        19316,
        9310,
        4219,
        19492,
        19788,
        9545,
        14275,
        17952,
        3937,
        5483,
        9317,
        9307,
        14338,
        60,
        12968,
        2056,
        13530,
        3985,
        2532,
        5597,
        18710,
        15225,
        7389,
        4766,
        12919,
        9972,
        1388,
        17926,
        8476,
        16661,
        4912,
        12636,
        14595,
        12714,
        10160,
        9035,
        449,
        10235,
        6999,
        9217,
        10023,
        13161,
        1801,
        18321,
        9068,
        16836,
        2581,
        5891,
        19079,
        5274,
        12476,
        720,
        9996,
        11177,
        11549,
        17666,
        16020,
        15463,
        12239,
        5872,
        15462,
        18229,
        12597,
        5725,
        4459,
        6499,
        4641,
        13939,
        12242,
        4867,
        10269,
        18886,
        3503,
        13944,
        12886,
        14805,
        12807,
        10227,
        1856,
        1875,
        8709,
        13374,
        12921,
        10789,
        14366,
        13675,
        9412,
        15943,
        11902,
        13157,
        15809,
        7573,
        7840,
        13125,
        12527,
        9518,
        7255,
        11717,
        8222,
        769,
        6658,
        19331,
        13273,
        5853,
        4383,
        1529,
        6737,
        1550,
        15611,
        5496,
        8231,
        1125,
        17570,
        8137,
        15330,
        12268,
        9558,
        17534,
        19970,
        13706,
        1665,
        3616,
        16673,
        7729,
        10558,
        12035,
        19236,
        3686,
        9277,
        14725,
        8198,
        10816,
        16934,
        17715,
        1964,
        6467,
        2551,
        12335,
        3556,
        2412,
        403,
        487,
        150,
        19075,
        17362,
        11386,
        7216,
        9370,
        3919,
        14292,
        11104,
        7235,
        18603,
        16046,
        2833,
        1024,
        9864,
        4978,
        17879,
        8375,
        5518,
        4647,
        4578,
        12201,
        1476,
        18730,
        6591,
        12499,
        11474,
        14295,
        9501,
        2043,
        2487,
        14694,
        706,
        9020,
        17514,
        18519,
        19200,
        14140,
        14165,
        19754,
        17034,
        13595,
        1786,
        11650,
        4234,
        13844,
        2402,
        10327,
        2077,
        4422,
        13211,
        19190,
        17500,
        14745,
        6896,
        6950,
        13482,
        13075,
        927,
        15856,
        19564,
        10130,
        9968,
        836,
        15459,
        4729,
        19807,
        8398,
        10158,
        12892,
        4120,
        11932,
        14680,
        18385,
        19968,
        1061,
        6440,
        9643,
        8027,
        12054,
        15807,
        14911,
        450,
        12718,
        2961,
        454,
        3727,
        7417,
        16678,
        1153,
        12117,
        18681,
        17488,
        12993,
        14115,
        10057,
        12704,
        18719,
        14118,
        16283,
        15376,
        8837,
        15703,
        15597,
        16653,
        12619,
        1226,
        12586,
        228,
        11682,
        16906,
        16027,
        5557,
        19077,
        4301,
        14360,
        2887,
        16910,
        10636,
        9323,
        14951,
        326,
        17077,
        16399,
        8560,
        4142,
        6699,
        14488,
        15918,
        10163,
        2576,
        4553,
        16295,
        12712,
        4637,
        17443,
        7254,
        4411,
        2408,
        9628,
        13957,
        3105,
        6024,
        12544,
        15829,
        16019,
        18146,
        5714,
        8311,
        19749,
        661,
        14445,
        19649,
        8710,
        10096,
        16742,
        18668,
        18320,
        16706,
        12763,
        18806,
        15766,
        10259,
        8791,
        17736,
        11283,
        2922,
        11731,
        18303,
        11236,
        11208,
        16442,
        10986,
        7900,
        11167,
        17070,
        13590,
        12509,
        13159,
        6483,
        12615,
        15662,
        383,
        14588,
        5096,
        11819,
        7308,
        9770,
        18336,
        15170,
        15489,
        13397,
        16633,
        7881,
        19170,
        14984,
        2175,
        256,
        7236,
        9513,
        11329,
        10016,
        15114,
        7725,
        2263,
        4137,
        13035,
        8919,
        5052,
        14343,
        16559,
        14809,
        6243,
        12788,
        14583,
        11297,
        18750,
        8092,
        6694,
        12429,
        11942,
        5914,
        3089,
        10066,
        346,
        11385,
        10618,
        9008,
        8810,
        14637,
        561,
        7038,
        14022,
        16233,
        12362,
        5514,
        4487,
        12313,
        5895,
        6600,
        13693,
        2132,
        10517,
        3121,
        4134,
        1745,
        13828,
        11997,
        7674,
        17134,
        13536,
        8355,
        18858,
        10861,
        19062,
        6365,
        18458,
        19686,
        8124,
        5948,
        14811,
        14244,
        16945,
        11336,
        1600,
        787,
        19414,
        7333,
        12905,
        13905,
        19675,
        9744,
        17343,
        13282,
        1739,
        12402,
        2737,
        4006,
        7795,
        15624,
        6445,
        15427,
        9699,
        2452,
        10361,
        5645,
        14598,
        11483,
        19104,
        17353,
        14486,
        2434,
        2935,
        10293,
        2186,
        17692,
        16432,
        3448,
        12149,
        14896,
        18741,
        12515,
        15618,
        19897,
        19367,
        8290,
        15072,
        12986,
        18107,
        16276,
        15713,
        10042,
        6902,
        8302,
        3835,
        17113,
        17027,
        3106,
        6649,
        16699,
        7541,
        4132,
        2878,
        9887,
        15932,
        14034,
        16933,
        8692,
        4753,
        17429,
        961,
        2302,
        8758,
        14083,
        5164,
        5376,
        16296,
        12364,
        12736,
        19904,
        11529,
        11900,
        11945,
        12115,
        11415,
        13976,
        14048,
        9499,
        9249,
        10273,
        17109,
        9186,
        7219,
        6157,
        16547,
        18201,
        14639,
        15920,
        18944,
        16190,
        4542,
        9813,
        5866,
        7205,
        16381,
        7749,
        14063,
        2938,
        14210,
        1733,
        4396,
        16551,
        8547,
        5797,
        11941,
        4868,
        6409,
        7980,
        5809,
        14970,
        16521,
        3603,
        1328,
        19697,
        8729,
        1482,
        950,
        13080,
        19617,
        5592,
        17,
        1195,
        11920,
        174,
        8849,
        4217,
        5665,
        18452,
        8638,
        8844,
        8678,
        6928,
        10716,
        10114,
        3333,
        263,
        16984,
        4384,
        18656,
        8734,
        14686,
        18484,
        6194,
        7872,
        8473,
        19140,
        4725,
        14599,
        10167,
        16946,
        8298,
        16599,
        3989,
        3061,
        7133,
        17188,
        9809,
        4210,
        7951,
        16859,
        2390,
        3872,
        1240,
        18918,
        11087,
        11551,
        19571,
        4901,
        3764,
        4918,
        17814,
        3024,
        19424,
        14969,
        15316,
        5509,
        9470,
        5055,
        18625,
        10711,
        18124,
        17635,
        8213,
        15867,
        19893,
        18029,
        17925,
        226,
        17687,
        13001,
        13915,
        19020,
        9173,
        8781,
        1789,
        5684,
        15068,
        763,
        15030,
        6339,
        9061,
        6239,
        1976,
        7332,
        10574,
        19415,
        11665,
        19293,
        10550,
        2673,
        15913,
        19151,
        8993,
        4825,
        645,
        2801,
        16510,
        19248,
        3221,
        17202,
        4481,
        19557,
        4482,
        400,
        18398,
        11747,
        3500,
        10500,
        16424,
        17377,
        11572,
        3449,
        8445,
        3132,
        693,
        1999,
        16894,
        15109,
        7785,
        19640,
        19275,
        4088,
        997,
        14658,
        3820,
        7179,
        16254,
        5099,
        4662,
        12156,
        3772,
        19716,
        6381,
        2613,
        10567,
        3682,
        10242,
        17579,
        13252,
        14585,
        6708,
        16837,
        6491,
        7396,
        17913,
        17285,
        6264,
        1826,
        4610,
        11106,
        12099,
        3080,
        18024,
        3356,
        19871,
        19197,
        9309,
        9530,
        15984,
        5641,
        2450,
        13765,
        8896,
        7304,
        18262,
        17873,
        10132,
        4213,
        13281,
        15656,
        9276,
        7516,
        5789,
        4957,
        5751,
        13710,
        13476,
        163,
        9239,
        2374,
        17762,
        10933,
        15627,
        4524,
        14014,
        17299,
        10988,
        13925,
        17493,
        8090,
        9899,
        6797,
        18168,
        4773,
        16074,
        16705,
        16091,
        7700,
        3260,
        13940,
        19532,
        1940,
        8570,
        8272,
        2163,
        3522,
        12388,
        12105,
        8544,
        14276,
        17743,
        10374,
        4696,
        11947,
        14512,
        6651,
        12848,
        1176,
        13398,
        903,
        3761,
        19971,
        6271,
        6039,
        17516,
        15314,
        11868,
        6579,
        12764,
        13249,
        17639,
        15937,
        11294,
        5206,
        4048,
        11000,
        9329,
        7598,
        4227,
        19997,
        900,
        8446,
        6478,
        6347,
        3825,
        13149,
        3644,
        7454,
        9207,
        19957,
        6249,
        4752,
        15008,
        19917,
        16441,
        2007,
        15660,
        12370,
        9596,
        1628,
        3850,
        6274,
        17823,
        15635,
        18150,
        14111,
        11239,
        15884,
        10695,
        1050,
        18916,
        10329,
        8503,
        17273,
        396,
        564,
        17698,
        1421,
        5951,
        121,
        8292,
        6956,
        16757,
        4294,
        8787,
        9483,
        7505,
        11170,
        7509,
        657,
        4711,
        11952,
        9855,
        253,
        13566,
        16293,
        4983,
        2237,
        19503,
        15289,
        17825,
        15500,
        1100,
        5787,
        11909,
        582,
        1362,
        509,
        13349,
        18383,
        13123,
        1741,
        5705,
        15545,
        14795,
        6526,
        3338,
        5524,
        4796,
        6919,
        998,
        17338,
        10426,
        2841,
        13453,
        18757,
        5983,
        10496,
        6784,
        5520,
        8928,
        5630,
        7853,
        92,
        4968,
        15527,
        13664,
        10303,
        10537,
        17324,
        15617,
        730,
        8957,
        12090,
        6803,
        15435,
        11907,
        18554,
        1877,
        11725,
        9873,
        14730,
        19061,
        17622,
        15668,
        13148,
        12374,
        18173,
        19825,
        1318,
        1254,
        6621,
        1981,
        13708,
        16336,
        12770,
        4676,
        4521,
        10502,
        1516,
        19049,
        12170,
        7993,
        9784,
        14994,
        10920,
        9285,
        1537,
        17797,
        13185,
        9691,
        19836,
        13244,
        940,
        13061,
        13624,
        1096,
        4357,
        15230,
        9044,
        3246,
        6604,
        9505,
        3180,
        3725,
        16147,
        15270,
        5532,
        13392,
        19379,
        269,
        2276,
        18110,
        1026,
        8716,
        18331,
        6641,
        12184,
        4168,
        4585,
        11743,
        12134,
        11845,
        9445,
        13446,
        8135,
        19633,
        14604,
        9386,
        13457,
        19815,
        17890,
        10929,
        5900,
        9626,
        7657,
        15880,
        7873,
        3860,
        9361,
        11633,
        11323,
        7403,
        14211,
        11027,
        1006,
        745,
        5962,
        2919,
        8067,
        1056,
        7011,
        2099,
        17014,
        10006,
        14986,
        873,
        14278,
        1762,
        13872,
        1513,
        12425,
        10630,
        17251,
        11235,
        4761,
        19949,
        1797,
        2148,
        14856,
        2316,
        8115,
        7895,
        16459,
        16228,
        12589,
        11535,
        13425,
        16143,
        6031,
        13192,
        12889,
        137,
        4664,
        3626,
        16406,
        5412,
        10420,
        11640,
        6898,
        17801,
        12277,
        8022,
        2208,
        47,
        13198,
        17719,
        9845,
        12496,
        11212,
        10371,
        1720,
        10406,
        16258,
        13483,
        10255,
        18175,
        14961,
        6182,
        18068,
        2328,
        9352,
        5687,
        18794,
        17447,
        18315,
        7515,
        5814,
        15975,
        19791,
        2559,
        209,
        16001,
        8682,
        6360,
        11416,
        9567,
        17504,
        17236,
        17563,
        10099,
        8696,
        14508,
        1361,
        9754,
        13197,
        17389,
        3313,
        4334,
        11062,
        1518,
        17457,
        5176,
        8123,
        6065,
        5382,
        19232,
        2382,
        125,
        14283,
        9619,
        3769,
        7456,
        5847,
        8571,
        15804,
        19139,
        7558,
        6166,
        18748,
        18052,
        1958,
        18356,
        5479,
        15199,
        5495,
        7050,
        5257,
        16891,
        1972,
        11284,
        5726,
        17831,
        14350,
        12270,
        13611,
        484,
        13868,
        6615,
        19645,
        7828,
        4794,
        1017,
        1070,
        1314,
        14656,
        8254,
        6466,
        14316,
        10009,
        8907,
        3692,
        4683,
        528,
        12318,
        2549,
        17083,
        6543,
        19550,
        18095,
        15450,
        3371,
        19300,
        8774,
        13609,
        4087,
        13961,
        16361,
        5377,
        4832,
        10825,
        15636,
        3594,
        436,
        5933,
        12642,
        19158,
        17729,
        12569,
        12244,
        11606,
        10494,
        18048,
        14451,
        10209,
        4008,
        7468,
        4097,
        8154,
        4511,
        10643,
        19504,
        3029,
        17889,
        6235,
        1595,
        7049,
        16389,
        17102,
        6646,
        5901,
        14339,
        16882,
        14031,
        17019,
        5957,
        1582,
        12284,
        18698,
        9120,
        4472,
        18317,
        1400,
        7335,
        7380,
        15593,
        8121,
        8670,
        18097,
        10386,
        6967,
        1503,
        11922,
        341,
        620,
        11938,
        808,
        12838,
        16435,
        7150,
        14195,
        277,
        13021,
        2367,
        11565,
        529,
        6331,
        18530,
        4355,
        17078,
        831,
        12830,
        19296,
        13877,
        385,
        2966,
        7916,
        1108,
        7691,
        8469,
        6153,
        3520,
        19546,
        19966,
        1146,
        15251,
        3559,
        502,
        13419,
        19187,
        7820,
        18517,
        15273,
        4839,
        1104,
        10471,
        2436,
        15409,
        9680,
        19387,
        16332,
        3161,
        19839,
        10220,
        11309,
        6984,
        7783,
        7488,
        18441,
        11127,
        8714,
        9279,
        9781,
        13189,
        6789,
        18963,
        6435,
        9179,
        12562,
        14402,
        14495,
        8903,
        9682,
        7470,
        14426,
        15382,
        13006,
        5679,
        19652,
        7181,
        8295,
        6762,
        15268,
        19895,
        10131,
        18888,
        5804,
        217,
        4859,
        18155,
        6608,
        1575,
        9036,
        18993,
        16573,
        19071,
        10256,
        8263,
        17510,
        7094,
        15490,
        18600,
        11861,
        18514,
        3361,
        18227,
        514,
        19721,
        17320,
        1025,
        3514,
        7843,
        1257,
        16476,
        5124,
        3501,
        1960,
        13728,
        15226,
        9585,
        18964,
        3625,
        1738,
        14264,
        798,
        6838,
        16767,
        12860,
        4197,
        12471,
        10999,
        15067,
        5561,
        13665,
        11552,
        6817,
        1350,
        14348,
        16785,
        5844,
        10207,
        18729,
        3259,
        4568,
        15436,
        1465,
        9912,
        3678,
        9825,
        7885,
        15704,
        2003,
        8073,
        11358,
        6427,
        9350,
        13385,
        11369,
        10268,
        2332,
        9264,
        4045,
        9246,
        19865,
        4714,
        4989,
        2681,
        6354,
        9842,
        3795,
        5400,
        17930,
        4413,
        17893,
        14290,
        15699,
        7359,
        412,
        6711,
        7844,
        9127,
        18634,
        2362,
        14546,
        14428,
        14817,
        10121,
        7013,
        12331,
        4573,
        8647,
        5320,
        3773,
        18751,
        5612,
        4390,
        15548,
        5009,
        19913,
        8675,
        16799,
        6717,
        822,
        17440,
        14853,
        4196,
        962,
        3384,
        1102,
        19516,
        18267,
        9282,
        14695,
        18080,
        6388,
        16707,
        8307,
        16716,
        8120,
        6261,
        11314,
        7776,
        16762,
        4515,
        7606,
        9415,
        1806,
        14396,
        4997,
        17178,
        4594,
        12073,
        11321,
        9299,
        14315,
        4787,
        11485,
        12578,
        2500,
        3563,
        11175,
        7495,
        18111,
        18632,
        594,
        1792,
        6232,
        7719,
        2058,
        19693,
        18138,
        11912,
        12199,
        7259,
        7532,
        3748,
        448,
        8088,
        3051,
        8289,
        18959,
        14938,
        1618,
        14205,
        9474,
        12301,
        10704,
        12071,
        2001,
        2896,
        15650,
        15132,
        15893,
        2430,
        4820,
        4640,
        8046,
        1299,
        10467,
        16681,
        7547,
        17970,
        3095,
        10280,
        14885,
        3155,
        4497,
        12780,
        18592,
        8378,
        8197,
        7337,
        3025,
        6953,
        2647,
        12543,
        1209,
        11005,
        1878,
        2948,
        3490,
        19585,
        15522,
        2284,
        14313,
        11988,
        9891,
        16777,
        85,
        14447,
        17697,
        11400,
        11231,
        8761,
        5404,
        6826,
        10710,
        19996,
        5843,
        1136,
        12911,
        8294,
        13794,
        13222,
        9711,
        10278,
        3605,
        1434,
        16353,
        5896,
        10916,
        15761,
        11966,
        12380,
        8265,
        2599,
        3575,
        17550,
        941,
        18169,
        19155,
        8376,
        14240,
        7727,
        16928,
        4164,
        6978,
        13605,
        9313,
        19329,
        10357,
        4603,
        12558,
        2809,
        8096,
        18883,
        13331,
        12465,
        4895,
        16939,
        9377,
        7239,
        5579,
        11865,
        14173,
        2563,
        14829,
        7635,
        12627,
        8535,
        7924,
        14471,
        14547,
        5219,
        13081,
        7699,
        11452,
        13415,
        6408,
        10672,
        8740,
        16227,
        5763,
        17277,
        1730,
        18936,
        1803,
        18637,
        543,
        6290,
        8464,
        6160,
        785,
        2757,
        18829,
        7085,
        10276,
        2515,
        18988,
        7866,
        17231,
        10294,
        10852,
        18083,
        8630,
        9943,
        12790,
        16097,
        2871,
        2294,
        11088,
        18214,
        13090,
        3840,
        19824,
        18639,
        13060,
        15177,
        12218,
        7587,
        19738,
        533,
        13225,
        3307,
        1163,
        9709,
        12164,
        10614,
        14572,
        18660,
        2763,
        4770,
        11404,
        5310,
        9794,
        10883,
        8336,
        15122,
        11869,
        966,
        13247,
        17800,
        18617,
        7200,
        3998,
        16249,
        18350,
        9586,
        9449,
        7222,
        19533,
        12505,
        6189,
        6027,
        7624,
        6815,
        16129,
        7458,
        8234,
        13254,
        9896,
        18137,
        13603,
        18820,
        10261,
        14232,
        8676,
        11244,
        333,
        1462,
        15014,
        6757,
        19931,
        18472,
        12981,
        11948,
        3899,
        8713,
        17288,
        19611,
        17726,
        18310,
        5049,
        8000,
        3529,
        17098,
        11538,
        4419,
        10652,
        15181,
        9913,
        15702,
        9843,
        19348,
        9555,
        12863,
        15215,
        12324,
        5955,
        4313,
        6026,
        19696,
        3742,
        11940,
        4444,
        3667,
        10900,
        696,
        7553,
        17577,
        1666,
        10396,
        14822,
        18588,
        221,
        1639,
        3708,
        13002,
        17653,
        19046,
        7716,
        15159,
        14923,
        19785,
        3879,
        18835,
        6259,
        17988,
        13436,
        13441,
        14781,
        17081,
        14992,
        5822,
        6716,
        10214,
        10224,
        10509,
        8597,
        6395,
        8538,
        19088,
        1151,
        12774,
        3125,
        13750,
        16803,
        17334,
        65,
        17282,
        7556,
        10072,
        17999,
        2930,
        7597,
        16416,
        19511,
        12302,
        4531,
        4222,
        15357,
        19501,
        19176,
        13488,
        7701,
        14976,
        4002,
        2665,
        18754,
        15208,
        11399,
        1849,
        15842,
        11496,
        11340,
        3482,
        9963,
        10270,
        19426,
        10592,
        7782,
        15001,
        16972,
        6486,
        15776,
        926,
        5039,
        9121,
        10588,
        14618,
        5963,
        7068,
        5710,
        5703,
        18869,
        6373,
        13673,
        5521,
        5516,
        16828,
        4572,
        14715,
        11108,
        18998,